ann_tag: Pinna_Laura
segments:
- segment_duration: 1500.0
  segment_start: 48081
- segment_duration: 3166.6666666666665
  segment_start: 49749
- segment_duration: 1666.6666666666667
  segment_start: 620653
tot_segments_duration: 6333.333333333333
